1.056102159590778370e-05 -7.128689577237754676e-05
9.240893896419310739e-06 -6.996676807288906364e-05
7.920766196930837777e-06 -6.996676807288906364e-05
6.600638497442364814e-06 -6.996676807288906364e-05
5.280510797953891851e-06 -6.996676807288906364e-05
3.960383098465418888e-06 -6.996676807288906364e-05
2.640255398976945926e-06 -6.864664037340059406e-05
1.320127699488472963e-06 -6.864664037340059406e-05
0.000000000000000000e+00 -6.864664037340059406e-05
-1.320127699488472963e-06 -6.732651267391212449e-05
-2.640255398976945926e-06 -6.600638497442365491e-05
-3.960383098465418888e-06 -6.600638497442365491e-05
-5.280510797953891851e-06 -6.468625727493517179e-05
-6.600638497442364814e-06 -6.336612957544670221e-05
-7.920766196930837777e-06 -6.204600187595823264e-05
-9.240893896419310739e-06 -6.072587417646975629e-05
-1.056102159590778370e-05 -5.940574647698128671e-05
-1.188114929539625666e-05 -5.808561877749281036e-05
-1.188114929539625666e-05 -5.676549107800434079e-05
-1.320127699488472963e-05 -5.544536337851586444e-05
-1.452140469437320259e-05 -5.412523567902739486e-05
-1.452140469437320259e-05 -5.280510797953891851e-05
-1.584153239386167555e-05 -5.148498028005044894e-05
-1.584153239386167555e-05 -5.016485258056197936e-05
-1.716166009335014852e-05 -4.884472488107349623e-05
-1.716166009335014852e-05 -4.752459718158502666e-05
-1.848178779283862148e-05 -4.620446948209655708e-05
-1.848178779283862148e-05 -4.488434178260808751e-05
-1.980191549232709444e-05 -4.356421408311960438e-05
-1.980191549232709444e-05 -4.224408638363113481e-05
-2.112204319181556740e-05 -4.092395868414266523e-05
-2.112204319181556740e-05 -3.960383098465418888e-05
-2.244217089130404375e-05 -3.828370328516571931e-05
-2.244217089130404375e-05 -3.696357558567724296e-05
-2.376229859079251333e-05 -3.564344788618877338e-05
-2.376229859079251333e-05 -3.432332018670029703e-05
-2.508242629028098968e-05 -3.300319248721182746e-05
-2.508242629028098968e-05 -3.168306478772335111e-05
-2.640255398976945926e-05 -3.036293708823487814e-05
-2.772268168925793222e-05 -2.904280938874640518e-05
-2.772268168925793222e-05 -2.772268168925793222e-05
-2.904280938874640518e-05 -2.640255398976945926e-05
-3.036293708823487814e-05 -2.508242629028098968e-05
-3.168306478772335111e-05 -2.376229859079251333e-05
-3.168306478772335111e-05 -2.244217089130404375e-05
-3.300319248721182746e-05 -2.112204319181556740e-05
-3.432332018670029703e-05 -1.980191549232709444e-05
-3.564344788618877338e-05 -1.848178779283862148e-05
-3.696357558567724296e-05 -1.716166009335014852e-05
-3.828370328516571931e-05 -1.584153239386167555e-05
-3.960383098465418888e-05 -1.452140469437320259e-05
-4.092395868414266523e-05 -1.320127699488472963e-05
-4.224408638363113481e-05 -1.188114929539625666e-05
-4.356421408311960438e-05 -1.056102159590778370e-05
-4.488434178260808751e-05 -9.240893896419310739e-06
-4.620446948209655708e-05 -7.920766196930837777e-06
-4.752459718158502666e-05 -6.600638497442364814e-06
-4.884472488107349623e-05 -5.280510797953891851e-06
-5.016485258056197936e-05 -3.960383098465418888e-06
-5.148498028005044894e-05 -2.640255398976945926e-06
-5.280510797953891851e-05 -1.320127699488472963e-06
-5.412523567902739486e-05 0.000000000000000000e+00
-5.544536337851586444e-05 1.320127699488472963e-06
-5.676549107800434079e-05 2.640255398976945926e-06
-5.808561877749281036e-05 3.960383098465418888e-06
-5.940574647698128671e-05 5.280510797953891851e-06
-5.940574647698128671e-05 6.600638497442364814e-06
-6.072587417646975629e-05 7.920766196930837777e-06
-6.072587417646975629e-05 9.240893896419310739e-06
-6.204600187595823264e-05 1.056102159590778370e-05
-6.204600187595823264e-05 1.188114929539625666e-05
-6.336612957544670221e-05 1.320127699488472963e-05
-6.336612957544670221e-05 1.452140469437320259e-05
-6.336612957544670221e-05 1.584153239386167555e-05
-6.336612957544670221e-05 1.716166009335014852e-05
-6.468625727493517179e-05 1.848178779283862148e-05
-6.468625727493517179e-05 1.980191549232709444e-05
-6.468625727493517179e-05 2.112204319181556740e-05
-6.468625727493517179e-05 2.244217089130404375e-05
-6.468625727493517179e-05 2.376229859079251333e-05
-6.468625727493517179e-05 2.508242629028098968e-05
-6.468625727493517179e-05 2.640255398976945926e-05
-6.468625727493517179e-05 2.772268168925793222e-05
-6.336612957544670221e-05 2.904280938874640518e-05
-6.336612957544670221e-05 3.036293708823487814e-05
-6.336612957544670221e-05 3.168306478772335111e-05
-6.336612957544670221e-05 3.300319248721182746e-05
-6.204600187595823264e-05 3.432332018670029703e-05
-6.204600187595823264e-05 3.564344788618877338e-05
-6.204600187595823264e-05 3.696357558567724296e-05
-6.072587417646975629e-05 3.828370328516571931e-05
-6.072587417646975629e-05 3.960383098465418888e-05
-5.940574647698128671e-05 4.092395868414266523e-05
-5.940574647698128671e-05 4.224408638363113481e-05
-5.808561877749281036e-05 4.356421408311960438e-05
-5.676549107800434079e-05 4.488434178260808751e-05
-5.676549107800434079e-05 4.620446948209655708e-05
-5.544536337851586444e-05 4.752459718158502666e-05
-5.412523567902739486e-05 4.884472488107349623e-05
-5.280510797953891851e-05 5.016485258056197936e-05
-5.148498028005044894e-05 5.148498028005044894e-05
-5.016485258056197936e-05 5.148498028005044894e-05
-4.884472488107349623e-05 5.280510797953891851e-05
-4.752459718158502666e-05 5.412523567902739486e-05
-4.620446948209655708e-05 5.544536337851586444e-05
-4.488434178260808751e-05 5.544536337851586444e-05
-4.356421408311960438e-05 5.676549107800434079e-05
-4.224408638363113481e-05 5.676549107800434079e-05
-4.092395868414266523e-05 5.808561877749281036e-05
-3.960383098465418888e-05 5.808561877749281036e-05
-3.828370328516571931e-05 5.808561877749281036e-05
-3.696357558567724296e-05 5.940574647698128671e-05
-3.564344788618877338e-05 5.940574647698128671e-05
-3.432332018670029703e-05 5.940574647698128671e-05
-3.300319248721182746e-05 6.072587417646975629e-05
-3.168306478772335111e-05 6.072587417646975629e-05
-3.036293708823487814e-05 6.072587417646975629e-05
-2.904280938874640518e-05 6.072587417646975629e-05
-2.772268168925793222e-05 6.204600187595823264e-05
-2.640255398976945926e-05 6.204600187595823264e-05
-2.508242629028098968e-05 6.204600187595823264e-05
-2.376229859079251333e-05 6.204600187595823264e-05
-2.244217089130404375e-05 6.204600187595823264e-05
-2.112204319181556740e-05 6.204600187595823264e-05
-1.980191549232709444e-05 6.204600187595823264e-05
-1.848178779283862148e-05 6.204600187595823264e-05
-1.716166009335014852e-05 6.204600187595823264e-05
-1.584153239386167555e-05 6.204600187595823264e-05
-1.452140469437320259e-05 6.204600187595823264e-05
-1.320127699488472963e-05 6.204600187595823264e-05
-1.188114929539625666e-05 6.204600187595823264e-05
-1.056102159590778370e-05 6.072587417646975629e-05
-9.240893896419310739e-06 6.072587417646975629e-05
-7.920766196930837777e-06 6.072587417646975629e-05
-6.600638497442364814e-06 6.072587417646975629e-05
-5.280510797953891851e-06 6.072587417646975629e-05
-3.960383098465418888e-06 5.940574647698128671e-05
-2.640255398976945926e-06 5.940574647698128671e-05
-1.320127699488472963e-06 5.940574647698128671e-05
0.000000000000000000e+00 5.940574647698128671e-05
1.320127699488472963e-06 5.808561877749281036e-05
2.640255398976945926e-06 5.808561877749281036e-05
3.960383098465418888e-06 5.808561877749281036e-05
5.280510797953891851e-06 5.676549107800434079e-05
6.600638497442364814e-06 5.676549107800434079e-05
7.920766196930837777e-06 5.676549107800434079e-05
9.240893896419310739e-06 5.544536337851586444e-05
1.056102159590778370e-05 5.544536337851586444e-05
1.188114929539625666e-05 5.544536337851586444e-05
1.320127699488472963e-05 5.412523567902739486e-05
1.452140469437320259e-05 5.412523567902739486e-05
1.584153239386167555e-05 5.280510797953891851e-05
1.716166009335014852e-05 5.280510797953891851e-05
1.848178779283862148e-05 5.148498028005044894e-05
1.980191549232709444e-05 5.148498028005044894e-05
2.112204319181556740e-05 5.016485258056197936e-05
2.244217089130404375e-05 5.016485258056197936e-05
2.376229859079251333e-05 4.884472488107349623e-05
2.508242629028098968e-05 4.884472488107349623e-05
2.640255398976945926e-05 4.752459718158502666e-05
2.772268168925793222e-05 4.620446948209655708e-05
2.904280938874640518e-05 4.620446948209655708e-05
3.036293708823487814e-05 4.488434178260808751e-05
3.168306478772335111e-05 4.356421408311960438e-05
3.300319248721182746e-05 4.224408638363113481e-05
3.432332018670029703e-05 4.092395868414266523e-05
3.564344788618877338e-05 3.960383098465418888e-05
3.696357558567724296e-05 3.828370328516571931e-05
3.828370328516571931e-05 3.696357558567724296e-05
3.960383098465418888e-05 3.564344788618877338e-05
4.092395868414266523e-05 3.432332018670029703e-05
4.224408638363113481e-05 3.300319248721182746e-05
4.356421408311960438e-05 3.168306478772335111e-05
4.356421408311960438e-05 3.036293708823487814e-05
4.488434178260808751e-05 2.904280938874640518e-05
4.488434178260808751e-05 2.772268168925793222e-05
4.620446948209655708e-05 2.640255398976945926e-05
4.752459718158502666e-05 2.508242629028098968e-05
4.752459718158502666e-05 2.376229859079251333e-05
4.884472488107349623e-05 2.244217089130404375e-05
4.884472488107349623e-05 2.112204319181556740e-05
4.884472488107349623e-05 1.980191549232709444e-05
5.016485258056197936e-05 1.848178779283862148e-05
5.016485258056197936e-05 1.716166009335014852e-05
5.148498028005044894e-05 1.584153239386167555e-05
5.148498028005044894e-05 1.452140469437320259e-05
5.148498028005044894e-05 1.320127699488472963e-05
5.148498028005044894e-05 1.188114929539625666e-05
5.280510797953891851e-05 1.056102159590778370e-05
5.280510797953891851e-05 9.240893896419310739e-06
5.280510797953891851e-05 7.920766196930837777e-06
5.280510797953891851e-05 6.600638497442364814e-06
5.412523567902739486e-05 5.280510797953891851e-06
5.412523567902739486e-05 3.960383098465418888e-06
5.412523567902739486e-05 2.640255398976945926e-06
5.412523567902739486e-05 1.320127699488472963e-06
5.412523567902739486e-05 0.000000000000000000e+00
5.412523567902739486e-05 -1.320127699488472963e-06
5.544536337851586444e-05 -2.640255398976945926e-06
5.544536337851586444e-05 -3.960383098465418888e-06
5.544536337851586444e-05 -5.280510797953891851e-06
5.544536337851586444e-05 -6.600638497442364814e-06
5.544536337851586444e-05 -7.920766196930837777e-06
5.544536337851586444e-05 -9.240893896419310739e-06
5.544536337851586444e-05 -1.056102159590778370e-05
5.544536337851586444e-05 -1.188114929539625666e-05
5.544536337851586444e-05 -1.320127699488472963e-05
5.544536337851586444e-05 -1.452140469437320259e-05
5.544536337851586444e-05 -1.584153239386167555e-05
5.544536337851586444e-05 -1.716166009335014852e-05
5.544536337851586444e-05 -1.848178779283862148e-05
5.544536337851586444e-05 -1.980191549232709444e-05
5.544536337851586444e-05 -2.112204319181556740e-05
5.544536337851586444e-05 -2.244217089130404375e-05
5.544536337851586444e-05 -2.376229859079251333e-05
5.544536337851586444e-05 -2.508242629028098968e-05
5.544536337851586444e-05 -2.640255398976945926e-05
5.544536337851586444e-05 -2.772268168925793222e-05
5.544536337851586444e-05 -2.904280938874640518e-05
5.544536337851586444e-05 -3.036293708823487814e-05
5.544536337851586444e-05 -3.168306478772335111e-05
5.412523567902739486e-05 -3.300319248721182746e-05
5.412523567902739486e-05 -3.432332018670029703e-05
5.412523567902739486e-05 -3.564344788618877338e-05
5.412523567902739486e-05 -3.696357558567724296e-05
5.412523567902739486e-05 -3.828370328516571931e-05
5.280510797953891851e-05 -3.960383098465418888e-05
5.280510797953891851e-05 -4.092395868414266523e-05
5.280510797953891851e-05 -4.224408638363113481e-05
5.148498028005044894e-05 -4.356421408311960438e-05
5.148498028005044894e-05 -4.488434178260808751e-05
5.016485258056197936e-05 -4.620446948209655708e-05
5.016485258056197936e-05 -4.752459718158502666e-05
4.884472488107349623e-05 -4.884472488107349623e-05
4.884472488107349623e-05 -5.016485258056197936e-05
4.752459718158502666e-05 -5.148498028005044894e-05
4.752459718158502666e-05 -5.280510797953891851e-05
4.620446948209655708e-05 -5.412523567902739486e-05
4.488434178260808751e-05 -5.544536337851586444e-05
4.488434178260808751e-05 -5.676549107800434079e-05
4.356421408311960438e-05 -5.808561877749281036e-05
4.224408638363113481e-05 -5.940574647698128671e-05
4.092395868414266523e-05 -6.072587417646975629e-05
3.960383098465418888e-05 -6.204600187595823264e-05
3.828370328516571931e-05 -6.204600187595823264e-05
3.696357558567724296e-05 -6.336612957544670221e-05
3.564344788618877338e-05 -6.468625727493517179e-05
3.432332018670029703e-05 -6.468625727493517179e-05
3.300319248721182746e-05 -6.600638497442365491e-05
3.168306478772335111e-05 -6.600638497442365491e-05
3.036293708823487814e-05 -6.732651267391212449e-05
2.904280938874640518e-05 -6.732651267391212449e-05
2.772268168925793222e-05 -6.864664037340059406e-05
2.640255398976945926e-05 -6.864664037340059406e-05
2.508242629028098968e-05 -6.864664037340059406e-05
2.376229859079251333e-05 -6.864664037340059406e-05
2.244217089130404375e-05 -6.996676807288906364e-05
2.112204319181556740e-05 -6.996676807288906364e-05
1.980191549232709444e-05 -6.996676807288906364e-05
1.848178779283862148e-05 -6.996676807288906364e-05
1.716166009335014852e-05 -6.996676807288906364e-05
1.584153239386167555e-05 -6.996676807288906364e-05
1.452140469437320259e-05 -7.128689577237754676e-05
1.320127699488472963e-05 -7.128689577237754676e-05
1.188114929539625666e-05 -7.128689577237754676e-05
1.056102159590778370e-05 -3.036293708823487814e-05
1.188114929539625666e-05 -3.168306478772335111e-05
1.320127699488472963e-05 -3.168306478772335111e-05
1.452140469437320259e-05 -3.168306478772335111e-05
1.584153239386167555e-05 -3.036293708823487814e-05
1.716166009335014852e-05 -2.904280938874640518e-05
1.716166009335014852e-05 -2.772268168925793222e-05
1.848178779283862148e-05 -2.640255398976945926e-05
1.848178779283862148e-05 -2.508242629028098968e-05
1.848178779283862148e-05 -2.376229859079251333e-05
1.848178779283862148e-05 -2.244217089130404375e-05
1.848178779283862148e-05 -2.112204319181556740e-05
1.980191549232709444e-05 -1.980191549232709444e-05
1.980191549232709444e-05 -1.848178779283862148e-05
1.980191549232709444e-05 -1.716166009335014852e-05
1.848178779283862148e-05 -1.584153239386167555e-05
1.848178779283862148e-05 -1.452140469437320259e-05
1.848178779283862148e-05 -1.320127699488472963e-05
1.848178779283862148e-05 -1.188114929539625666e-05
1.848178779283862148e-05 -1.056102159590778370e-05
1.848178779283862148e-05 -9.240893896419310739e-06
1.848178779283862148e-05 -7.920766196930837777e-06
1.848178779283862148e-05 -6.600638497442364814e-06
1.716166009335014852e-05 -5.280510797953891851e-06
1.716166009335014852e-05 -3.960383098465418888e-06
1.716166009335014852e-05 -2.640255398976945926e-06
1.716166009335014852e-05 -1.320127699488472963e-06
1.584153239386167555e-05 0.000000000000000000e+00
1.584153239386167555e-05 1.320127699488472963e-06
1.584153239386167555e-05 2.640255398976945926e-06
1.452140469437320259e-05 3.960383098465418888e-06
1.452140469437320259e-05 5.280510797953891851e-06
1.320127699488472963e-05 6.600638497442364814e-06
1.320127699488472963e-05 7.920766196930837777e-06
1.188114929539625666e-05 9.240893896419310739e-06
1.056102159590778370e-05 1.056102159590778370e-05
9.240893896419310739e-06 1.188114929539625666e-05
9.240893896419310739e-06 1.320127699488472963e-05
7.920766196930837777e-06 1.452140469437320259e-05
6.600638497442364814e-06 1.584153239386167555e-05
5.280510797953891851e-06 1.716166009335014852e-05
3.960383098465418888e-06 1.716166009335014852e-05
2.640255398976945926e-06 1.848178779283862148e-05
1.320127699488472963e-06 1.980191549232709444e-05
0.000000000000000000e+00 2.112204319181556740e-05
-1.320127699488472963e-06 2.112204319181556740e-05
-2.640255398976945926e-06 2.244217089130404375e-05
-3.960383098465418888e-06 2.244217089130404375e-05
-5.280510797953891851e-06 2.376229859079251333e-05
-6.600638497442364814e-06 2.376229859079251333e-05
-7.920766196930837777e-06 2.508242629028098968e-05
-9.240893896419310739e-06 2.508242629028098968e-05
-1.056102159590778370e-05 2.508242629028098968e-05
-1.188114929539625666e-05 2.640255398976945926e-05
-1.320127699488472963e-05 2.640255398976945926e-05
-1.452140469437320259e-05 2.640255398976945926e-05
-1.584153239386167555e-05 2.640255398976945926e-05
-1.716166009335014852e-05 2.640255398976945926e-05
-1.848178779283862148e-05 2.640255398976945926e-05
-1.980191549232709444e-05 2.772268168925793222e-05
-2.112204319181556740e-05 2.640255398976945926e-05
-2.244217089130404375e-05 2.640255398976945926e-05
-2.376229859079251333e-05 2.640255398976945926e-05
-2.508242629028098968e-05 2.508242629028098968e-05
-2.508242629028098968e-05 2.376229859079251333e-05
-2.508242629028098968e-05 2.244217089130404375e-05
-2.376229859079251333e-05 2.112204319181556740e-05
-2.244217089130404375e-05 1.980191549232709444e-05
-2.112204319181556740e-05 1.980191549232709444e-05
-1.980191549232709444e-05 1.980191549232709444e-05
-1.848178779283862148e-05 1.848178779283862148e-05
-1.716166009335014852e-05 1.848178779283862148e-05
-1.584153239386167555e-05 1.848178779283862148e-05
-1.452140469437320259e-05 1.848178779283862148e-05
-1.320127699488472963e-05 1.716166009335014852e-05
-1.188114929539625666e-05 1.716166009335014852e-05
-1.056102159590778370e-05 1.716166009335014852e-05
-9.240893896419310739e-06 1.584153239386167555e-05
-7.920766196930837777e-06 1.584153239386167555e-05
-6.600638497442364814e-06 1.452140469437320259e-05
-5.280510797953891851e-06 1.452140469437320259e-05
-3.960383098465418888e-06 1.320127699488472963e-05
-2.640255398976945926e-06 1.320127699488472963e-05
-1.320127699488472963e-06 1.188114929539625666e-05
0.000000000000000000e+00 1.056102159590778370e-05
1.320127699488472963e-06 9.240893896419310739e-06
2.640255398976945926e-06 7.920766196930837777e-06
3.960383098465418888e-06 6.600638497442364814e-06
5.280510797953891851e-06 5.280510797953891851e-06
6.600638497442364814e-06 3.960383098465418888e-06
6.600638497442364814e-06 2.640255398976945926e-06
7.920766196930837777e-06 1.320127699488472963e-06
7.920766196930837777e-06 0.000000000000000000e+00
9.240893896419310739e-06 -1.320127699488472963e-06
9.240893896419310739e-06 -2.640255398976945926e-06
9.240893896419310739e-06 -3.960383098465418888e-06
9.240893896419310739e-06 -5.280510797953891851e-06
1.056102159590778370e-05 -6.600638497442364814e-06
1.056102159590778370e-05 -7.920766196930837777e-06
1.056102159590778370e-05 -9.240893896419310739e-06
1.056102159590778370e-05 -1.056102159590778370e-05
1.056102159590778370e-05 -1.188114929539625666e-05
1.056102159590778370e-05 -1.320127699488472963e-05
1.056102159590778370e-05 -1.452140469437320259e-05
1.056102159590778370e-05 -1.584153239386167555e-05
1.056102159590778370e-05 -1.716166009335014852e-05
1.056102159590778370e-05 -1.848178779283862148e-05
1.056102159590778370e-05 -1.980191549232709444e-05
1.056102159590778370e-05 -2.112204319181556740e-05
9.240893896419310739e-06 -2.244217089130404375e-05
9.240893896419310739e-06 -2.376229859079251333e-05
9.240893896419310739e-06 -2.508242629028098968e-05
9.240893896419310739e-06 -2.640255398976945926e-05
1.056102159590778370e-05 -2.772268168925793222e-05
1.056102159590778370e-05 -2.904280938874640518e-05
