-3.275880999999999951e-06 1.179966000000000046e-06
-3.250525000000000104e-06 1.148131999999999894e-06
-3.225170000000000073e-06 1.116298999999999983e-06
-3.199815000000000042e-06 1.084465000000000043e-06
-3.174460000000000012e-06 1.052631999999999919e-06
-3.149104999999999981e-06 1.020797999999999980e-06
-3.123749999999999950e-06 9.889643000000000699e-07
-3.098394999999999919e-06 9.571307000000000991e-07
-3.073039999999999888e-06 9.252971000000000224e-07
-3.047684999999999857e-06 8.934635000000000516e-07
-3.022329000000000011e-06 8.616298999999999749e-07
-2.996973999999999980e-06 8.297963000000000041e-07
-2.971618999999999949e-06 7.979625999999999882e-07
-2.946263999999999918e-06 7.661290000000000174e-07
-2.920908999999999887e-06 7.342954000000000466e-07
-2.895553999999999857e-06 7.024617999999999699e-07
-2.870198999999999826e-06 6.706281999999999991e-07
-2.844843999999999795e-06 6.387946000000000283e-07
-2.819489000000000188e-06 6.069609999999999516e-07
-2.794132999999999917e-06 5.751273000000000416e-07
-2.768777999999999887e-06 5.432936999999999649e-07
-2.753564999999999868e-06 5.050934000000000301e-07
-2.738351999999999850e-06 4.668929999999999973e-07
-2.723138999999999831e-06 4.286927000000000096e-07
-2.707925999999999813e-06 3.904924000000000219e-07
-2.692712999999999794e-06 3.522919999999999891e-07
-2.677500000000000199e-06 3.140917000000000014e-07
-2.662287000000000181e-06 2.758913000000000215e-07
-2.647074000000000162e-06 2.376910000000000073e-07
-2.631861000000000144e-06 1.994906999999999931e-07
-2.616648000000000125e-06 1.612902999999999868e-07
-2.601435000000000107e-06 1.230899999999999991e-07
-2.586220999999999849e-06 8.488964000000000548e-08
-2.571007999999999830e-06 4.668929999999999841e-08
-2.555794999999999812e-06 8.488963999999999225e-09
-2.540581999999999793e-06 -2.971137999999999920e-08
-2.525369000000000198e-06 -6.791170999999999978e-08
-2.510156000000000180e-06 -1.061120999999999963e-07
-2.494943000000000161e-06 -1.443123999999999973e-07
-2.479730000000000143e-06 -1.825127000000000114e-07
-2.464517000000000124e-06 -2.207130999999999913e-07
-2.449304000000000106e-06 -2.589133999999999790e-07
-2.434091000000000087e-06 -2.971138000000000118e-07
-2.418878000000000069e-06 -3.353140999999999995e-07
-2.403665000000000050e-06 -3.735143999999999873e-07
-2.388452000000000032e-06 -4.117148000000000201e-07
-2.367321999999999948e-06 -4.470854999999999968e-07
-2.346193000000000103e-06 -4.824561000000000343e-07
-2.325063999999999835e-06 -5.178267999999999580e-07
-2.303934999999999990e-06 -5.531974999999999877e-07
-2.282804999999999906e-06 -5.885682000000000174e-07
-2.261676000000000062e-06 -6.239389000000000470e-07
-2.240546999999999794e-06 -6.593095999999999708e-07
-2.219417999999999949e-06 -6.946801999999999553e-07
-2.198287999999999865e-06 -7.300508999999999850e-07
-2.177159000000000020e-06 -7.654216000000000146e-07
-2.156030000000000176e-06 -8.007923000000000443e-07
-2.134900000000000092e-06 -8.361629999999999681e-07
-2.113770999999999824e-06 -8.715336999999999977e-07
-2.092641999999999979e-06 -9.069044000000000274e-07
-2.071513000000000134e-06 -9.422750000000000119e-07
-2.050383000000000050e-06 -9.776456999999999357e-07
-2.029254000000000206e-06 -1.013016000000000103e-06
-2.008124999999999938e-06 -1.048387000000000056e-06
-2.002087999999999948e-06 -1.088810999999999942e-06
-1.996050999999999958e-06 -1.129234000000000012e-06
-1.990013999999999968e-06 -1.169657999999999898e-06
-1.983976999999999978e-06 -1.210081999999999996e-06
-1.977939999999999989e-06 -1.250505000000000066e-06
-1.971902999999999999e-06 -1.290928999999999952e-06
-1.965866000000000009e-06 -1.331353000000000050e-06
-1.959829000000000019e-06 -1.371775999999999908e-06
-1.953792999999999845e-06 -1.412200000000000006e-06
-1.947755999999999855e-06 -1.452623000000000076e-06
-1.941718999999999866e-06 -1.493046999999999962e-06
-1.935681999999999876e-06 -1.533471000000000060e-06
-1.929644999999999886e-06 -1.573893999999999919e-06
-1.923607999999999896e-06 -1.614318000000000016e-06
-1.917570999999999906e-06 -1.654741999999999903e-06
-1.911533999999999917e-06 -1.695164999999999973e-06
-1.905496999999999927e-06 -1.735589000000000071e-06
-1.899459999999999937e-06 -1.776012999999999957e-06
-1.893422999999999947e-06 -1.816436000000000027e-06
-1.887385999999999957e-06 -1.856859999999999913e-06
-1.881348999999999968e-06 -1.897284000000000011e-06
-1.861845000000000086e-06 -1.932654000000000148e-06
-1.842340999999999993e-06 -1.968025000000000101e-06
-1.822837999999999928e-06 -2.003396000000000055e-06
-1.803334000000000046e-06 -2.038766000000000192e-06
-1.783829999999999953e-06 -2.074137000000000145e-06
-1.764326000000000072e-06 -2.109508000000000098e-06
-1.744821999999999979e-06 -2.144877999999999812e-06
-1.725318000000000097e-06 -2.180249000000000189e-06
-1.705814000000000004e-06 -2.215620000000000142e-06
-1.686309999999999911e-06 -2.250989999999999856e-06
-1.666806000000000030e-06 -2.286360999999999809e-06
-1.647301999999999937e-06 -2.321732000000000186e-06
-1.627798000000000055e-06 -2.357101999999999900e-06
-1.608293999999999962e-06 -2.392472999999999853e-06
-1.588790000000000081e-06 -2.427843999999999806e-06
-1.569285999999999988e-06 -2.463213999999999944e-06
-1.549781999999999894e-06 -2.498584999999999897e-06
-1.530279000000000041e-06 -2.533955999999999850e-06
-1.510774999999999948e-06 -2.569326999999999803e-06
-1.491271000000000066e-06 -2.604696999999999941e-06
-1.471766999999999973e-06 -2.640067999999999894e-06
-1.452263000000000092e-06 -2.675438999999999847e-06
-1.432758999999999999e-06 -2.710808999999999985e-06
-1.413254999999999905e-06 -2.746179999999999938e-06
-1.393751000000000024e-06 -2.781550999999999891e-06
-1.374246999999999931e-06 -2.816921000000000029e-06
-1.354743000000000050e-06 -2.852291999999999982e-06
-1.335238999999999956e-06 -2.887662999999999935e-06
-1.315735000000000075e-06 -2.923033000000000072e-06
-1.296230999999999982e-06 -2.958404000000000026e-06
-1.276727000000000101e-06 -2.993774999999999979e-06
-1.257224000000000035e-06 -3.029145000000000116e-06
-1.237719999999999942e-06 -3.064516000000000070e-06
-1.218216000000000061e-06 -3.099887000000000023e-06
-1.198711999999999968e-06 -3.135257000000000160e-06
-1.179208000000000086e-06 -3.170628000000000113e-06
-1.159703999999999993e-06 -3.205999000000000067e-06
-1.140199999999999900e-06 -3.241370000000000020e-06
-1.120696000000000019e-06 -3.276740000000000157e-06
-1.099566999999999962e-06 -3.312111000000000110e-06
-1.078437000000000090e-06 -3.347482000000000064e-06
-1.057308000000000034e-06 -3.382852000000000201e-06
-1.036178999999999977e-06 -3.418223000000000154e-06
-1.015049999999999921e-06 -3.453594000000000108e-06
-9.939204000000000172e-07 -3.488963999999999821e-06
-9.727910999999999314e-07 -3.524335000000000198e-06
-9.516618999999999965e-07 -3.559706000000000151e-06
-9.305326000000000166e-07 -3.595075999999999865e-06
-9.094033999999999758e-07 -3.630446999999999818e-06
-8.882740999999999959e-07 -3.665818000000000195e-06
-8.671448000000000159e-07 -3.701187999999999909e-06
-8.460155999999999752e-07 -3.736558999999999862e-06
-8.248862999999999952e-07 -3.771929999999999816e-06
-8.037570999999999545e-07 -3.807301000000000192e-06
-7.826277999999999745e-07 -3.842671000000000330e-06
-7.614984999999999945e-07 -3.878041999999999859e-06
-7.403692999999999538e-07 -3.913413000000000236e-06
-7.192399999999999738e-07 -3.948783000000000374e-06
-6.981108000000000390e-07 -3.984153999999999903e-06
-6.769814999999999532e-07 -4.019525000000000280e-06
-6.558521999999999732e-07 -4.054895000000000417e-06
-6.347230000000000383e-07 -4.090265999999999947e-06
-6.135936999999999525e-07 -4.125637000000000324e-06
-5.773720999999999824e-07 -4.148374999999999902e-06
-5.411505000000000122e-07 -4.171113000000000327e-06
-5.049289999999999813e-07 -4.193852000000000144e-06
-4.687074000000000112e-07 -4.216589999999999722e-06
-4.324857999999999881e-07 -4.239328000000000147e-06
-3.962642000000000180e-07 -4.262065999999999725e-06
-3.600425999999999950e-07 -4.284805000000000390e-06
-3.238210000000000248e-07 -4.307542999999999968e-06
-2.875994000000000018e-07 -4.330281000000000393e-06
-2.513777999999999787e-07 -4.353020000000000210e-06
-2.151562000000000086e-07 -4.375757999999999788e-06
-1.789347000000000041e-07 -4.398496000000000213e-06
-1.427131000000000075e-07 -4.421235000000000030e-06
-1.064914999999999977e-07 -4.443972999999999608e-06
-6.845879999999999359e-08 -4.465194999999999691e-06
-3.042614000000000222e-08 -4.486418000000000013e-06
7.606534000000000236e-09 -4.507640000000000095e-06
4.563920000000000014e-08 -4.528862000000000177e-06
8.367187000000000132e-08 -4.550084999999999652e-06
1.217045000000000030e-07 -4.571306999999999735e-06
1.597372000000000071e-07 -4.592530000000000056e-06
1.977699000000000112e-07 -4.613752000000000139e-06
2.358024999999999967e-07 -4.634974999999999614e-06
2.738351999999999744e-07 -4.656196999999999696e-06
3.138696000000000222e-07 -4.650612000000000325e-06
3.539040000000000170e-07 -4.645027000000000106e-06
3.939384000000000118e-07 -4.639441999999999888e-06
4.339728000000000067e-07 -4.633857999999999909e-06
4.740072000000000015e-07 -4.628272999999999690e-06
5.140414999999999513e-07 -4.622688000000000319e-06
5.540759000000000520e-07 -4.617103000000000101e-06
5.941103000000000468e-07 -4.611517999999999882e-06
6.341447000000000417e-07 -4.605932999999999664e-06
6.741791000000000365e-07 -4.600348000000000292e-06
7.142135000000000314e-07 -4.594764000000000313e-06
7.542479000000000262e-07 -4.589179000000000095e-06
7.942823000000000211e-07 -4.583593999999999876e-06
8.343165999999999708e-07 -4.578008999999999658e-06
8.743509999999999656e-07 -4.572424000000000287e-06
9.143853999999999605e-07 -4.566839000000000068e-06
9.544197999999999553e-07 -4.561255000000000089e-06
9.944542000000000561e-07 -4.555669999999999871e-06
1.034488999999999914e-06 -4.550084999999999652e-06
1.060900000000000083e-06 -4.519135999999999790e-06
1.087312000000000068e-06 -4.488185999999999688e-06
1.113723000000000026e-06 -4.457236999999999826e-06
1.140135000000000011e-06 -4.426286999999999724e-06
1.166545999999999969e-06 -4.395337999999999861e-06
1.192957999999999955e-06 -4.364388999999999999e-06
1.219369999999999940e-06 -4.333438999999999897e-06
1.245780999999999898e-06 -4.302490000000000035e-06
1.272193000000000095e-06 -4.271541000000000172e-06
1.298604000000000052e-06 -4.240591000000000071e-06
1.325016000000000038e-06 -4.209642000000000208e-06
1.351426999999999995e-06 -4.178693000000000346e-06
1.377838999999999981e-06 -4.147743000000000244e-06
1.404250999999999966e-06 -4.116794000000000382e-06
1.430661999999999924e-06 -4.085844999999999672e-06
1.457073999999999909e-06 -4.054895000000000417e-06
1.483485000000000078e-06 -4.023945999999999708e-06
1.509897000000000064e-06 -3.992996999999999846e-06
1.536309000000000049e-06 -3.962046999999999744e-06
1.562720000000000007e-06 -3.931097999999999881e-06
1.589131999999999992e-06 -3.900149000000000019e-06
1.615542999999999950e-06 -3.869198999999999917e-06
1.641954999999999935e-06 -3.838250000000000055e-06
1.668366000000000104e-06 -3.807301000000000192e-06
1.685853000000000002e-06 -3.770710000000000020e-06
1.703339000000000083e-06 -3.734120000000000088e-06
1.720824999999999952e-06 -3.697528999999999916e-06
1.738312000000000061e-06 -3.660938999999999983e-06
1.755797999999999931e-06 -3.624349000000000051e-06
1.773284000000000012e-06 -3.587757999999999879e-06
1.790770000000000093e-06 -3.551167999999999946e-06
1.808256999999999990e-06 -3.514578000000000014e-06
1.825743000000000072e-06 -3.477986999999999842e-06
1.843228999999999941e-06 -3.441396999999999909e-06
1.860716000000000050e-06 -3.404806999999999976e-06
1.878201999999999920e-06 -3.368215999999999805e-06
1.895688000000000001e-06 -3.331625999999999872e-06
1.913173999999999870e-06 -3.295035000000000124e-06
1.930660999999999979e-06 -3.258445000000000191e-06
1.948146999999999849e-06 -3.221854999999999835e-06
1.965633000000000142e-06 -3.185264000000000086e-06
1.983119999999999827e-06 -3.148674000000000154e-06
2.000606000000000120e-06 -3.112083999999999798e-06
2.018091999999999990e-06 -3.075493000000000049e-06
2.035577999999999859e-06 -3.038903000000000117e-06
2.053064999999999968e-06 -3.002313000000000184e-06
2.070550999999999838e-06 -2.965722000000000012e-06
2.088037000000000131e-06 -2.929132000000000080e-06
2.105523999999999816e-06 -2.892540999999999908e-06
2.123010000000000109e-06 -2.855950999999999975e-06
2.140495999999999979e-06 -2.819361000000000042e-06
2.157981999999999848e-06 -2.782769999999999871e-06
2.175468999999999957e-06 -2.746179999999999938e-06
2.192954999999999826e-06 -2.709590000000000005e-06
2.210441000000000119e-06 -2.672998999999999833e-06
2.227927999999999805e-06 -2.636408999999999901e-06
2.245414000000000098e-06 -2.599818999999999968e-06
2.262899999999999967e-06 -2.563227999999999796e-06
2.280385999999999837e-06 -2.526637999999999864e-06
2.297872999999999946e-06 -2.490047000000000115e-06
2.315358999999999815e-06 -2.453457000000000183e-06
2.332845000000000108e-06 -2.416866999999999827e-06
2.350330999999999978e-06 -2.380276000000000078e-06
2.367818000000000087e-06 -2.343686000000000146e-06
2.385303999999999956e-06 -2.307095999999999790e-06
2.402789999999999826e-06 -2.270505000000000041e-06
2.420276999999999935e-06 -2.233915000000000109e-06
2.437762999999999804e-06 -2.197325000000000176e-06
2.455249000000000097e-06 -2.160734000000000004e-06
2.472734999999999967e-06 -2.124144000000000071e-06
2.490222000000000076e-06 -2.087552999999999899e-06
2.507707999999999945e-06 -2.050962999999999967e-06
2.525193999999999815e-06 -2.014373000000000034e-06
2.542680999999999923e-06 -1.977781999999999862e-06
2.560166999999999793e-06 -1.941191999999999930e-06
2.577653000000000086e-06 -1.904601999999999997e-06
2.595138999999999955e-06 -1.868011000000000037e-06
2.612626000000000064e-06 -1.831421000000000104e-06
2.630111999999999934e-06 -1.794830999999999960e-06
2.647597999999999803e-06 -1.758240000000000000e-06
2.665084999999999912e-06 -1.721650000000000067e-06
2.682571000000000205e-06 -1.685058999999999895e-06
2.694096000000000065e-06 -1.646472999999999923e-06
2.705620999999999925e-06 -1.607886999999999951e-06
2.717146000000000209e-06 -1.569300999999999978e-06
2.728671000000000069e-06 -1.530715000000000006e-06
2.740195999999999929e-06 -1.492128000000000006e-06
2.751720999999999789e-06 -1.453542000000000033e-06
2.763246000000000072e-06 -1.414956000000000061e-06
2.774770999999999932e-06 -1.376370000000000088e-06
2.786295999999999792e-06 -1.337783999999999904e-06
2.797821000000000076e-06 -1.299196999999999904e-06
2.809345999999999936e-06 -1.260610999999999932e-06
2.820872000000000035e-06 -1.222024999999999959e-06
2.832396999999999895e-06 -1.183438999999999987e-06
2.843922000000000179e-06 -1.144853000000000014e-06
2.855447000000000039e-06 -1.106266000000000014e-06
2.866971999999999899e-06 -1.067680000000000042e-06
2.878497000000000182e-06 -1.029094000000000070e-06
2.890022000000000042e-06 -9.905078000000000069e-07
2.901546999999999902e-06 -9.519216000000000501e-07
2.913072000000000186e-06 -9.133353999999999875e-07
2.924597000000000046e-06 -8.747492000000000307e-07
2.936121999999999906e-06 -8.361629999999999681e-07
2.940997999999999823e-06 -7.953507000000000361e-07
2.945874000000000164e-06 -7.545382999999999532e-07
2.950750000000000082e-06 -7.137260000000000212e-07
2.955625999999999999e-06 -6.729136999999999834e-07
2.960501999999999916e-06 -6.321013000000000063e-07
2.965377999999999834e-06 -5.912889999999999685e-07
2.970254000000000175e-06 -5.504767000000000365e-07
2.975130000000000092e-06 -5.096643999999999987e-07
2.980006000000000010e-06 -4.688520000000000217e-07
2.984881999999999927e-06 -4.280396999999999838e-07
2.989757999999999844e-06 -3.872273999999999989e-07
2.994634000000000185e-06 -3.464150000000000219e-07
2.999510000000000103e-06 -3.056026999999999840e-07
3.004386000000000020e-06 -2.647903999999999992e-07
3.009261999999999938e-06 -2.239780999999999878e-07
3.014137999999999855e-06 -1.831657000000000107e-07
3.019014000000000196e-06 -1.423533999999999994e-07
3.023890000000000113e-06 -1.015411000000000012e-07
3.028766000000000031e-06 -6.072873999999999723e-08
3.033641999999999948e-06 -1.991641999999999935e-08
3.038517999999999865e-06 2.089590999999999841e-08
3.043394000000000206e-06 6.170823999999999618e-08
3.048270000000000124e-06 1.025206000000000002e-07
3.053146000000000041e-06 1.433329000000000116e-07
3.058021999999999959e-06 1.841451999999999964e-07
3.062897999999999876e-06 2.249576000000000000e-07
3.073462000000000102e-06 2.647496000000000164e-07
3.084027000000000144e-06 3.045415999999999799e-07
3.094590999999999947e-06 3.443335999999999964e-07
3.105155999999999989e-06 3.841256000000000128e-07
3.115721000000000031e-06 4.239177000000000214e-07
3.126284999999999833e-06 4.637096999999999849e-07
3.136849999999999875e-06 5.035016999999999484e-07
3.147414999999999917e-06 5.432936999999999649e-07
3.157979000000000144e-06 5.830856999999999813e-07
3.168544000000000186e-06 6.228778000000000429e-07
3.179108999999999804e-06 6.626697999999999534e-07
3.189673000000000030e-06 7.024617999999999699e-07
3.200238000000000072e-06 7.422537999999999863e-07
3.210801999999999875e-06 7.820458000000000028e-07
3.221366999999999917e-06 8.218378999999999585e-07
3.231931999999999959e-06 8.616298999999999749e-07
3.242496000000000185e-06 9.014218999999999913e-07
3.253060999999999803e-06 9.412139000000000078e-07
3.263625999999999845e-06 9.810059000000000242e-07
3.274190000000000072e-06 1.020797999999999980e-06
3.284755000000000114e-06 1.060589999999999996e-06
3.295318999999999916e-06 1.100382000000000013e-06
3.305883999999999958e-06 1.140174000000000029e-06
3.316449000000000000e-06 1.179966000000000046e-06
3.288276000000000109e-06 1.209441999999999905e-06
3.260104000000000034e-06 1.238916999999999949e-06
3.231931999999999959e-06 1.268393000000000021e-06
3.203759000000000068e-06 1.297868000000000065e-06
3.175586999999999993e-06 1.327343999999999925e-06
3.147414999999999917e-06 1.356818999999999968e-06
3.119242000000000026e-06 1.386295000000000040e-06
3.091069999999999951e-06 1.415770999999999900e-06
3.062897999999999876e-06 1.445245999999999944e-06
3.034724999999999985e-06 1.474722000000000015e-06
3.006552999999999910e-06 1.504197000000000059e-06
2.978380999999999835e-06 1.533672999999999919e-06
2.950207999999999944e-06 1.563147999999999963e-06
2.922035999999999868e-06 1.592624000000000034e-06
2.893863999999999793e-06 1.622100000000000106e-06
2.865690999999999902e-06 1.651574999999999938e-06
2.837518999999999827e-06 1.681051000000000009e-06
2.809345999999999936e-06 1.710526000000000053e-06
2.775984000000000170e-06 1.732866000000000080e-06
2.742621999999999980e-06 1.755205000000000079e-06
2.709259999999999790e-06 1.777544000000000078e-06
2.675898999999999840e-06 1.799884000000000105e-06
2.642537000000000073e-06 1.822223000000000104e-06
2.609174999999999883e-06 1.844562999999999919e-06
2.575813000000000117e-06 1.866901999999999918e-06
2.542450999999999927e-06 1.889240999999999917e-06
2.509089000000000161e-06 1.911581000000000155e-06
2.475726999999999971e-06 1.933919999999999942e-06
2.442365000000000205e-06 1.956259000000000153e-06
2.409003000000000015e-06 1.978599000000000180e-06
2.375640999999999825e-06 2.000937999999999967e-06
2.342279000000000059e-06 2.023277999999999994e-06
2.308916999999999869e-06 2.045617000000000205e-06
2.275555000000000103e-06 2.067955999999999992e-06
2.242192999999999913e-06 2.090296000000000019e-06
2.208831000000000147e-06 2.112634999999999806e-06
2.175468999999999957e-06 2.134974999999999833e-06
2.134452999999999823e-06 2.134974999999999833e-06
2.093437000000000113e-06 2.134974999999999833e-06
2.052421999999999795e-06 2.134974999999999833e-06
2.011406000000000085e-06 2.134974999999999833e-06
1.970391000000000190e-06 2.134974999999999833e-06
1.929375000000000056e-06 2.134974999999999833e-06
1.888358999999999922e-06 2.134974999999999833e-06
1.847344000000000028e-06 2.134974999999999833e-06
1.806327999999999894e-06 2.134974999999999833e-06
1.765311999999999972e-06 2.134974999999999833e-06
1.724297000000000078e-06 2.134974999999999833e-06
1.683280999999999944e-06 2.134974999999999833e-06
1.642266000000000049e-06 2.134974999999999833e-06
1.601249999999999916e-06 2.134974999999999833e-06
1.560233999999999994e-06 2.134974999999999833e-06
1.519219000000000099e-06 2.134974999999999833e-06
1.478202999999999965e-06 2.134974999999999833e-06
1.437187000000000043e-06 2.134974999999999833e-06
1.396171999999999937e-06 2.134974999999999833e-06
1.355156000000000015e-06 2.134974999999999833e-06
1.314140999999999909e-06 2.134974999999999833e-06
1.273124999999999987e-06 2.134974999999999833e-06
1.232109000000000065e-06 2.134974999999999833e-06
1.191093999999999958e-06 2.134974999999999833e-06
1.150078000000000036e-06 2.134974999999999833e-06
1.109061999999999903e-06 2.134974999999999833e-06
1.068047000000000008e-06 2.134974999999999833e-06
1.027031000000000086e-06 2.134974999999999833e-06
9.860156000000000112e-07 2.134974999999999833e-06
9.449999999999999519e-07 2.134974999999999833e-06
9.039842999999999535e-07 2.134974999999999833e-06
8.629687000000000001e-07 2.134974999999999833e-06
8.219531000000000467e-07 2.134974999999999833e-06
7.809374999999999875e-07 2.134974999999999833e-06
7.439613000000000034e-07 2.152659999999999901e-06
7.069851000000000194e-07 2.170344999999999970e-06
6.700087999999999902e-07 2.188030999999999855e-06
6.330326000000000062e-07 2.205715999999999923e-06
5.960564000000000222e-07 2.223400999999999992e-06
5.590802000000000381e-07 2.241086999999999877e-06
5.221039999999999482e-07 2.258771999999999945e-06
4.851277999999999641e-07 2.276457000000000014e-06
4.481515999999999801e-07 2.294142999999999898e-06
4.111753999999999961e-07 2.311827999999999967e-06
3.741992000000000120e-07 2.329513000000000036e-06
3.372229999999999750e-07 2.347198999999999920e-06
3.002467999999999910e-07 2.364883999999999989e-06
2.632706000000000069e-07 2.382569000000000058e-06
2.262943999999999964e-07 2.400254999999999942e-06
1.893182000000000124e-07 2.417940000000000011e-06
1.523420000000000019e-07 2.435625000000000080e-06
1.153658000000000046e-07 2.453310999999999964e-06
7.838955999999999457e-08 2.470996000000000033e-06
4.141335000000000072e-08 2.488681000000000102e-06
4.437145000000000191e-09 2.506366999999999986e-06
-3.253905999999999703e-08 2.524052000000000055e-06
-6.951526999999999749e-08 2.541737000000000124e-06
-1.064914999999999977e-07 2.559423000000000008e-06
-1.318466000000000075e-07 2.591256000000000132e-06
-1.572017000000000040e-07 2.623090000000000071e-06
-1.825568000000000006e-07 2.654924000000000011e-06
-2.079118999999999971e-07 2.686757000000000134e-06
-2.332669999999999936e-07 2.718591000000000074e-06
-2.586221000000000166e-07 2.750424000000000198e-06
-2.839772999999999789e-07 2.782258000000000137e-06
-3.093324000000000019e-07 2.814092000000000077e-06
-3.346875000000000249e-07 2.845925000000000200e-06
-3.600425999999999950e-07 2.877759000000000140e-06
-3.853977000000000180e-07 2.909593000000000079e-06
-4.107527999999999880e-07 2.941426000000000203e-06
-4.361079000000000110e-07 2.973260000000000142e-06
-4.614629999999999811e-07 3.005092999999999842e-06
-4.868181999999999963e-07 3.036927000000000205e-06
-5.121732999999999663e-07 3.068761000000000145e-06
-5.375284000000000423e-07 3.100593999999999845e-06
-5.628835000000000124e-07 3.132428000000000208e-06
-5.882385999999999824e-07 3.164260999999999908e-06
-6.135936999999999525e-07 3.196094999999999848e-06
-6.434232999999999803e-07 3.224183999999999961e-06
-6.732527999999999629e-07 3.252271999999999835e-06
-7.030823999999999907e-07 3.280360999999999949e-06
-7.329118999999999733e-07 3.308448999999999823e-06
-7.627413999999999560e-07 3.336537999999999936e-06
-7.925709999999999838e-07 3.364625999999999810e-06
-8.224004999999999664e-07 3.392714000000000108e-06
-8.522300999999999942e-07 3.420802999999999798e-06
-8.820595999999999768e-07 3.448891000000000095e-06
-9.118892000000000046e-07 3.476980000000000209e-06
-9.417186999999999873e-07 3.505068000000000083e-06
-9.715483000000000150e-07 3.533157000000000196e-06
-1.001378000000000088e-06 3.561245000000000070e-06
-1.031206999999999951e-06 3.589334000000000183e-06
-1.061037000000000053e-06 3.617422000000000058e-06
-1.090865999999999916e-06 3.645511000000000171e-06
-1.120696000000000019e-06 3.673599000000000045e-06
-1.150525999999999909e-06 3.701688000000000158e-06
-1.180354999999999984e-06 3.729776000000000032e-06
-1.210185000000000086e-06 3.757865000000000146e-06
-1.240013999999999949e-06 3.785953000000000020e-06
-1.269844000000000052e-06 3.814042000000000133e-06
-1.299672999999999914e-06 3.842129999999999584e-06
-1.329503000000000017e-06 3.870219000000000121e-06
-1.359332000000000092e-06 3.898307000000000418e-06
-1.389161999999999982e-06 3.926396000000000108e-06
-1.418991000000000057e-06 3.954484000000000406e-06
-1.448820999999999947e-06 3.982573000000000096e-06
-1.478651000000000050e-06 4.010661000000000393e-06
-1.508479999999999913e-06 4.038750000000000083e-06
-1.538310000000000015e-06 4.066838000000000381e-06
-1.568139000000000090e-06 4.094927000000000071e-06
-1.597968999999999980e-06 4.123015000000000368e-06
-1.627798000000000055e-06 4.151104000000000058e-06
-1.627798000000000055e-06 4.193548000000000223e-06
-1.627798000000000055e-06 4.235992999999999780e-06
-1.627798000000000055e-06 4.278438000000000184e-06
-1.627798000000000055e-06 4.320882999999999742e-06
-1.627798000000000055e-06 4.363328000000000146e-06
-1.627798000000000055e-06 4.405772000000000311e-06
-1.627798000000000055e-06 4.448216999999999868e-06
-1.627798000000000055e-06 4.490662000000000272e-06
-1.627798000000000055e-06 4.533106999999999829e-06
-1.627798000000000055e-06 4.575552000000000234e-06
-1.654964000000000101e-06 4.605869999999999831e-06
-1.682130999999999963e-06 4.636187000000000035e-06
-1.709297000000000010e-06 4.666504999999999632e-06
-1.736463000000000056e-06 4.696823000000000076e-06
-1.763629000000000102e-06 4.727140000000000280e-06
-1.790794999999999936e-06 4.757457999999999877e-06
-1.817962000000000010e-06 4.787776000000000321e-06
-1.845128000000000056e-06 4.818093999999999918e-06
-1.872294000000000103e-06 4.848411000000000123e-06
-1.899459999999999937e-06 4.878728999999999720e-06
-1.926626000000000195e-06 4.909047000000000164e-06
-1.953792999999999845e-06 4.939364999999999761e-06
-1.980959000000000103e-06 4.969681999999999965e-06
-2.008124999999999938e-06 5.000000000000000409e-06
-2.048159000000000070e-06 4.994415000000000191e-06
-2.088194000000000017e-06 4.988829999999999972e-06
-2.128228000000000150e-06 4.983244999999999754e-06
-2.168261999999999858e-06 4.977660999999999775e-06
-2.208296999999999806e-06 4.972076000000000403e-06
-2.248330999999999938e-06 4.966491000000000185e-06
-2.288365999999999886e-06 4.960905999999999966e-06
-2.328400000000000018e-06 4.955320999999999748e-06
-2.368434000000000150e-06 4.949736000000000377e-06
-2.408469000000000098e-06 4.944152000000000398e-06
-2.448502999999999806e-06 4.938567000000000179e-06
-2.488538000000000178e-06 4.932981999999999961e-06
-2.528571999999999886e-06 4.927396999999999742e-06
-2.568606000000000018e-06 4.921812000000000371e-06
-2.608640999999999966e-06 4.916227000000000152e-06
-2.648675000000000098e-06 4.910641999999999934e-06
-2.688710000000000046e-06 4.905057999999999955e-06
-2.728744000000000178e-06 4.899472999999999737e-06
-2.768777999999999887e-06 4.893888000000000365e-06
-2.774230999999999849e-06 4.853953000000000213e-06
-2.779683999999999812e-06 4.814019000000000300e-06
-2.785135999999999959e-06 4.774084000000000148e-06
-2.790588999999999922e-06 4.734148999999999996e-06
-2.796041999999999885e-06 4.694215000000000083e-06
-2.801494999999999848e-06 4.654279999999999931e-06
-2.806946999999999995e-06 4.614344999999999779e-06
-2.812399999999999958e-06 4.574410999999999866e-06
-2.817852999999999921e-06 4.534475999999999714e-06
-2.823305000000000068e-06 4.494541999999999801e-06
-2.828758000000000031e-06 4.454606999999999649e-06
-2.834210999999999993e-06 4.414672000000000344e-06
-2.839663999999999956e-06 4.374737999999999584e-06
-2.845116000000000103e-06 4.334803000000000279e-06
-2.850569000000000066e-06 4.294868000000000127e-06
-2.856022000000000029e-06 4.254934000000000214e-06
-2.861474000000000176e-06 4.214999000000000062e-06
-2.866927000000000139e-06 4.175063999999999910e-06
-2.872380000000000102e-06 4.135129999999999997e-06
-2.877833000000000065e-06 4.095194999999999845e-06
-2.883284999999999788e-06 4.055259999999999693e-06
-2.888738000000000175e-06 4.015325999999999780e-06
-2.894191000000000138e-06 3.975390999999999628e-06
-2.899642999999999861e-06 3.935456000000000323e-06
-2.905095999999999824e-06 3.895522000000000410e-06
-2.910549000000000210e-06 3.855587000000000258e-06
-2.916002000000000173e-06 3.815653000000000345e-06
-2.921453999999999897e-06 3.775718000000000193e-06
-2.926906999999999860e-06 3.735783000000000041e-06
-2.932359999999999822e-06 3.695849000000000128e-06
-2.937811999999999969e-06 3.655913999999999976e-06
-2.943264999999999932e-06 3.615978999999999824e-06
-2.948717999999999895e-06 3.576044999999999911e-06
-2.954170999999999858e-06 3.536110000000000183e-06
-2.959623000000000005e-06 3.496175000000000031e-06
-2.965075999999999968e-06 3.456241000000000118e-06
-2.970528999999999931e-06 3.416305999999999966e-06
-2.975981000000000078e-06 3.376370999999999814e-06
-2.981434000000000041e-06 3.336436999999999901e-06
-2.986887000000000004e-06 3.296502000000000172e-06
-2.992339000000000151e-06 3.256567999999999836e-06
-2.997792000000000113e-06 3.216633000000000107e-06
-3.003245000000000076e-06 3.176697999999999955e-06
-3.008698000000000039e-06 3.136764000000000043e-06
-3.014150000000000186e-06 3.096828999999999890e-06
-3.019603000000000149e-06 3.056894000000000162e-06
-3.025056000000000112e-06 3.016959999999999826e-06
-3.030507999999999835e-06 2.977025000000000097e-06
-3.035960999999999798e-06 2.937089999999999945e-06
-3.041414000000000185e-06 2.897156000000000032e-06
-3.046867000000000148e-06 2.857220999999999880e-06
-3.052318999999999871e-06 2.817286000000000151e-06
-3.057771999999999834e-06 2.777351999999999815e-06
-3.063224999999999797e-06 2.737417000000000086e-06
-3.068676999999999944e-06 2.697483000000000174e-06
-3.074129999999999907e-06 2.657548000000000022e-06
-3.079582999999999870e-06 2.617612999999999869e-06
-3.085035999999999832e-06 2.577678999999999957e-06
-3.090487999999999979e-06 2.537743999999999805e-06
-3.095940999999999942e-06 2.497809000000000076e-06
-3.101393999999999905e-06 2.457875000000000163e-06
-3.106846000000000052e-06 2.417940000000000011e-06
-3.112299000000000015e-06 2.378004999999999859e-06
-3.117751999999999978e-06 2.338070999999999946e-06
-3.123204999999999941e-06 2.298135999999999794e-06
-3.128657000000000088e-06 2.258201000000000065e-06
-3.134110000000000051e-06 2.218267000000000153e-06
-3.139563000000000014e-06 2.178332000000000000e-06
-3.145015000000000161e-06 2.138398000000000088e-06
-3.150468000000000123e-06 2.098462999999999936e-06
-3.155921000000000086e-06 2.058528000000000207e-06
-3.161374000000000049e-06 2.018593999999999871e-06
-3.166826000000000196e-06 1.978659000000000142e-06
-3.172279000000000159e-06 1.938723999999999990e-06
-3.177732000000000122e-06 1.898790000000000077e-06
-3.183183999999999845e-06 1.858854999999999925e-06
-3.188636999999999808e-06 1.818919999999999985e-06
-3.194090000000000195e-06 1.778986000000000072e-06
-3.199543000000000158e-06 1.739050999999999920e-06
-3.204994999999999881e-06 1.699115999999999979e-06
-3.210447999999999844e-06 1.659182000000000067e-06
-3.215900999999999807e-06 1.619246999999999915e-06
-3.221352999999999954e-06 1.579311999999999974e-06
-3.226805999999999917e-06 1.539378000000000061e-06
-3.232258999999999880e-06 1.499442999999999909e-06
-3.237711999999999842e-06 1.459508999999999997e-06
-3.243163999999999989e-06 1.419574000000000056e-06
-3.248616999999999952e-06 1.379638999999999904e-06
-3.254069999999999915e-06 1.339704999999999991e-06
-3.259522000000000062e-06 1.299770000000000051e-06
-3.264975000000000025e-06 1.259834999999999899e-06
-3.270427999999999988e-06 1.219900999999999986e-06
